0.43600592017173767 -2.1167495250701904 0.07608959823846817 -0.345339834690094 -1.034071922302246 -1.2748515605926514 -0.29745280742645264 0.1011483296751976 0.6448216438293457 1.7612998485565186 -2.616358518600464 -1.1315321922302246 4.2047905921936035 1.1121182441711426 2.964430809020996 -0.8729805946350098 0.11947483569383621 -0.6701539158821106 -0.05303378030657768 -0.2139468491077423 -0.6059603691101074 -1.147531270980835 0.2131543755531311 0.46357402205467224 -0.4309510588645935 -0.6952936053276062 -0.0043463571928441525 -0.08923127502202988 0.3123479187488556 0.4962150752544403 0.8034458160400391 -2.6580636501312256 -0.1877264827489853 -1.6536660194396973 -0.3304293751716614 0.40395310521125793 0.2610771954059601 1.027822494506836 -0.606376588344574 -0.12315899133682251 -0.34744954109191895 -0.7260945439338684 -0.26285406947135925 1.0749616622924805 -3.13196063041687 -0.7609528303146362 -3.339966058731079 0.6732491254806519 -0.22895289957523346 -0.14800836145877838 -0.03188205882906914 0.13454437255859375 -0.4720999300479889 -0.15843012928962708 0.6894413828849792 0.5237402319908142 0.18612688779830933 -0.08886383473873138 0.13251593708992004 0.05361140891909599 1.0210305452346802 0.11399400234222412 0.8300269246101379 -0.36839839816093445 0.08896227180957794 -0.03616539388895035 0.012218472547829151 0.04468351975083351 0.0181852076202631 0.038448724895715714 -0.018535541370511055 0.06333521008491516 -0.03908778727054596 -0.14624503254890442 -0.0045577180571854115 -0.0042892638593912125 0.0026852863375097513 0.12868882715702057 -0.058052174746990204 0.030897673219442368 -0.2040376365184784 -0.40266966819763184 -0.4116937220096588 0.20708447694778442 -0.23807986080646515 -0.19726379215717316 0.11052721738815308 0.4662320911884308 0.1751469522714615 0.2777724862098694 -0.2731861174106598 -0.7987948060035706 2.1963818073272705 0.18534448742866516 7.252596378326416 -0.16556592285633087 1.0554088354110718 -0.019307713955640793 -0.1621975302696228 -1.0870484113693237 0.1900753378868103 -7.260120391845703 0.4879525899887085 -0.19956012070178986 1.2356985807418823 -0.2941989004611969 0.7798038125038147 0.30074799060821533 -0.6731615662574768 2.0074589252471924 -0.05951963737607002 -10.929466247558594 -0.3238978981971741 -0.01087347324937582 -0.37001335620880127 0.1815638244152069 1.0351945161819458 0.3813595175743103 0.0056868004612624645 0.016457952558994293 -1.5755529403686523 0.2240450233221054 -0.2475423514842987 1.0531580448150635 -0.020705312490463257 -0.4664074778556824 -0.0053118630312383175 5.293450355529785 -0.2678016722202301 -0.2861380875110626 -0.1910007745027542 0.23785875737667084 -0.5615077614784241 -0.46683260798454285 -0.2623683512210846 0.4098105728626251 0.3554336130619049 0.03948475047945976 0.5081760287284851 -0.04805569723248482 0.5450178980827332 0.47876670956611633 0.010148853994905949 -0.14444856345653534 0.6915152668952942 -0.5898597240447998 -0.11276957392692566 -0.6485100388526917 0.3190428614616394 -0.6016324162483215 0.33158382773399353 -0.5614915490150452 0.7747467160224915 1.3428542613983154 0.026481959968805313 1.9709129333496094 0.8359143733978271 -0.024308502674102783 3.6534459590911865 -0.23911555111408234 0.731158971786499 0.2049005925655365 0.25108492374420166 -0.36399877071380615 -0.0367412194609642 -0.0676506981253624 0.06822224706411362 -0.3614588975906372 0.3372955024242401 -0.022686060518026352 0.1689993441104889 0.01754971593618393 -0.19840356707572937 0.1388610154390335 0.20103658735752106 -0.2199007272720337 0.19128742814064026 0.3115929365158081 0.6152347922325134 0.05718308687210083 0.35084304213523865 0.33569082617759705 0.3876630365848541 -0.1907390058040619 0.22099776566028595 -0.29454684257507324 -0.3953549265861511 0.12969180941581726 -0.24331994354724884 0.10701760649681091 0.07320058345794678 0.0335887186229229 0.2742665410041809 -0.26272353529930115 -0.1667916625738144 -0.1736496537923813 -0.5796968936920166 -0.5655847787857056 -0.05621140077710152 0.3450247645378113 0.2811213433742523 -0.47926679253578186 0.12876927852630615 0.16881868243217468 1.5578572750091553 0.6905384659767151 0.6702285408973694 -0.5074347853660583 0.07903705537319183 -0.02774633653461933 -0.00937702227383852 0.00990482047200203 0.024139106273651123 -0.09143718332052231 0.0018822582205757499 0.07865242660045624 -0.10300574451684952 -0.06796041131019592 0.015136650763452053 0.10352521389722824 -0.03641120716929436 0.059011414647102356 -0.02872456982731819 -0.09382897615432739 -0.9145289063453674 0.16740119457244873 -0.11493048816919327 1.4485042095184326 0.12517113983631134 0.24154357612133026 -0.028128033503890038 0.04689260199666023 -0.3299960494041443 0.1121123880147934 0.023807665333151817 0.024741854518651962 -0.2677026689052582 -0.16222195327281952 -0.7333101034164429 0.32348132133483887 0.5223244428634644 -0.04912501946091652 0.31334197521209717 -0.28464505076408386 0.16129067540168762 0.03682336583733559 0.03283876180648804 -0.4647114872932434 0.015789339318871498 0.071128711104393 -0.18746039271354675 -0.06197575852274895 -0.4392470717430115 0.04177982360124588 0.09402167052030563 -0.13304156064987183 
-1.2180248
-1.0451902
0.8988673
-0.33652225
-0.021552432
0.012665346
0.0883203
0.20866485
-0.38184586
-0.7628914
-0.06733802
0.11357533
-0.5497955
0.1332269
0.32957423
0.1564378
