-1.5418245 0.40271798 124.545 -1.8724161 0.07195981 8.680428 0.2951752 0.8276855 -1.0803127 0.4359937 0.098782465 -1.7965143 -3.445472 1.3747053 -0.79635364 -0.2430717 -0.01294599 0.44036463 -0.0052103465 -0.23060992 0.6680472 -0.0073826574 -0.8067209 0.5231341 0.68864185 0.077356815 -0.012966518 0.02126263 -0.43776459 -0.0035341308 0.49047303 -0.85840356 -0.017717997 0.4488062 -0.00068520807 1.0510247 -0.9006327 0.0012177352 -0.7898639 0.5292284 0.68962294 -0.0338959 0.014962207 0.02734842 0.12250249 -0.0004061631 0.4893808 -0.86089337 
1.0034672
-4.3725886
0.0078075165
-1.1251762
0.98899364
-0.07081925
2.4592702
-1.4758183
0.46628985
-0.7810496
0.03940999
1.1232142
-0.430933
-0.68330085
-1.7337072
-0.13510512
