0.8694592118263245 0.024563869461417198 -0.3775395452976227 -0.23145194351673126 -0.19526593387126923 -0.9000372290611267 0.028287237510085106 -0.13170179724693298 0.17527613043785095 -0.03215911239385605 0.007653254549950361 0.41938555240631104 -0.1742001622915268 -1.769710898399353 0.2779929041862488 0.18657557666301727 0.7511835694313049 0.15132947266101837 0.0005502785788848996 -0.2126670777797699 0.2560047209262848 0.039384786039590836 -0.10471024364233017 -0.05758801847696304 -0.682432234287262 0.02976210042834282 0.012965856119990349 0.34535565972328186 0.11380249261856079 -1.1269233226776123 0.21352121233940125 0.3855934143066406 0.9678311347961426 0.31837037205696106 -0.03154698759317398 0.17818234860897064 -0.10440505295991898 -0.036757227033376694 -0.159376323223114 -0.5008355975151062 -0.5088149309158325 -0.07106601446866989 0.011750638484954834 -0.3609464168548584 -0.1270265132188797 -0.2464776337146759 -0.1552487015724182 0.77055823802948 -0.5442172288894653 -0.25917133688926697 0.2820418179035187 0.08299387991428375 0.10684140771627426 1.547472357749939 -0.007894090376794338 0.1711747795343399 -0.09259462356567383 0.13468335568904877 0.004345925524830818 -0.11166101694107056 -0.09078202396631241 0.7920097708702087 -0.3135877251625061 -0.25647813081741333 2.2048165798187256 -0.28027915954589844 0.18398846685886383 0.051954787224531174 0.14706946909427643 -0.27084559202194214 0.34468406438827515 -1.0791672468185425 -0.5746413469314575 -0.21471773087978363 0.014988529495894909 -0.16088196635246277 -0.2758438289165497 -0.9746135473251343 -0.07262039929628372 0.31989672780036926 -0.10524643212556839 -0.12595629692077637 25.533849716186523 -0.08178957551717758 0.33416688442230225 2.1310393810272217 -0.18713180720806122 0.05921119824051857 0.09192356467247009 -0.24197830259799957 -0.07937853038311005 0.13888205587863922 -0.6184757351875305 1.379017949104309 -0.4694814682006836 0.11427324265241623 0.14187878370285034 0.24611614644527435 -0.2003105878829956 0.3595675230026245 -0.20365026593208313 -0.5719960331916809 1.043286919593811 -0.8868377208709717 -0.14533454179763794 -0.08661086857318878 -0.01553263794630766 -0.6835475564002991 0.3985501527786255 0.9823054075241089 -0.52712482213974 0.5976715087890625 -0.6524022817611694 0.10070676356554031 0.28048741817474365 -0.07657021284103394 -0.24502861499786377 0.38139280676841736 -0.2652394473552704 0.4492153525352478 -0.12033238261938095 0.03577406331896782 -0.0003699630033224821 -0.39601701498031616 0.04183065891265869 1.2667937278747559 -0.16704696416854858 0.17840427160263062 0.1858905404806137 -0.04546404257416725 -0.42638179659843445 0.15062330663204193 -0.25957033038139343 -3.3217031955718994 -0.15782880783081055 0.013292541727423668 -0.05157444253563881 -0.2950221598148346 -0.014377462677657604 0.00401653628796339 -0.01267998293042183 -0.6852369904518127 -0.20952250063419342 -0.17167286574840546 -0.040744733065366745 -0.021197035908699036 0.3065113127231598 -0.012936996296048164 -0.030027296394109726 0.5547292232513428 -0.5041247010231018 -0.32925596833229065 0.14179670810699463 0.5720595717430115 -0.026920627802610397 0.15685781836509705 -0.042365819215774536 -0.12067354470491409 0.6062760353088379 0.20973153412342072 -0.6433402895927429 -0.167583629488945 -0.3373289108276367 0.2554861009120941 0.08161447942256927 -0.3447292149066925 0.07507900148630142 0.8606098294258118 0.7653170228004456 0.058328572660684586 0.10339714586734772 0.9702906608581543 0.21782755851745605 -0.45557019114494324 0.47800424695014954 -0.6612516641616821 0.9941744804382324 0.17392002046108246 0.10499678552150726 0.0960748940706253 -0.018704380840063095 -0.1985301673412323 0.43833306431770325 0.5245484709739685 -0.2339145392179489 0.8523671627044678 0.07892933487892151 -0.7235310077667236 -0.018838921561837196 -0.20550574362277985 -0.014467328786849976 0.06037241593003273 -1.3011832237243652 0.3743254542350769 0.28545674681663513 0.32148730754852295 -0.2564505934715271 0.13619530200958252 -0.9161758422851562 0.2853039801120758 -0.2061445415019989 0.01108989492058754 0.019579196348786354 -1.3263417482376099 0.5554984211921692 1.4644973278045654 -0.2303648293018341 0.257982075214386 0.04391055554151535 -0.21187521517276764 -6.540841102600098 -0.07258144021034241 -0.08800340443849564 0.5339500904083252 0.05529799684882164 0.0852486714720726 0.1071399673819542 -0.1259148120880127 0.0162268728017807 0.04719049111008644 0.01831820420920849 -0.12561914324760437 0.20244106650352478 0.17138493061065674 -3.6981089115142822 0.7871137261390686 -0.7758088707923889 0.8098676204681396 -0.8781207203865051 -1.0723450183868408 0.6473146677017212 0.5797175765037537 -0.3425973057746887 0.157709002494812 -0.007456505671143532 -3.8668105602264404 1.0227781534194946 2.8600125312805176 0.12062470614910126 0.05266071856021881 -0.07908497005701065 -0.16917726397514343 23.92310905456543 -0.01097883190959692 0.0804775208234787 0.1026390865445137 0.04915238171815872 -0.06624754518270493 -0.06648460030555725 0.09539373219013214 0.006201131269335747 0.06823774427175522 -0.09468522667884827 0.8137903809547424 -0.02444695681333542 0.006021216977387667 
-0.14211148
0.26215622
-0.017145205
-0.18211517
0.2589494
0.45399216
-0.11883275
-0.11273472
-0.3167139
-0.19472039
-0.12190988
0.08779936
-0.15331656
0.38308832
-1.0508888
-0.2090959
